| Bin | Emin (MeV) | Emax (MeV) | Centre géom. (MeV) |
| --- | ---------- | ---------- | ------------------ |
| 1   | 100.00     | 169.86     | 130.33             |
| 2   | 169.86     | 288.54     | 221.39             |
| 3   | 288.54     | 490.13     | 376.06             |
| 4   | 490.13     | 832.55     | 638.79             |
| 5   | 832.55     | 1 414.21   | 1 085.08           |
| 6   | 1 414.21   | 2 402.25   | 1 843.17           |
| 7   | 2 402.25   | 4 080.57   | 3 130.90           |
| 8   | 4 080.57   | 6 931.45   | 5 318.30           |
| 9   | 6 931.45   | 11 774.08  | 9 033.90           |
| 10  | 11 774.08  | 20 000.00  | 15 345.41          |

| Bin | Emin (MeV) | Emax (MeV) | Centre géom. (MeV) |
| --- | ---------- | ---------- | ------------------ |
| 1   | 100.00     | 179.64     | 134.03             |
| 2   | 179.64     | 322.71     | 240.77             |
| 3   | 322.71     | 579.72     | 432.53             |
| 4   | 579.72     | 1 041.42   | 777.01             |
| 5   | 1 041.42   | 1 870.83   | 1 395.82           |
| 6   | 1 870.83   | 3 360.79   | 2 507.48           |
| 7   | 3 360.79   | 6 037.37   | 4 504.48           |
| 8   | 6 037.37   | 10 845.62  | 8 091.91           |
| 9   | 10 845.62  | 19 483.24  | 14 536.43          |
| 10  | 19 483.24  | 35 000.00  | 26 113.47          |

SED_output/gtbin/gt_bin_activite_1_100_199.5.fits
SED_output/gtbin/gt_bin_activite_1_199.5_398.1.fits
SED_output/gtbin/gt_bin_activite_1_398.1_794.3.fits
SED_output/gtbin/gt_bin_activite_1_794.4_1584.9.fits
SED_output/gtbin/gt_bin_activite_1_1584.9_3162.3.fits
SED_output/gtbin/gt_bin_activite_1_3162.3_6309.6.fits
SED_output/gtbin/gt_bin_activite_1_6309.6_12589.3.fits
SED_output/gtbin/gt_bin_activite_1_12589.3_25118.9.fits
SED_output/gtbin/gt_bin_activite_1_25118.9_50118.7.fits
SED_output/gtbin/gt_bin_activite_1_50118.7_100000.fits

