# time_MET  flux  err_flux  (bins > 3*MAD)
5.03344824e+08 1.06668681e-05 1.50852293e-06
5.03377224e+08 1.32524605e-05 1.68306417e-06
5.03388024e+08 1.69420588e-05 1.88245099e-06
5.03398824e+08 1.75190389e-05 2.06463847e-06
5.03409624e+08 1.54111732e-05 2.05940478e-06
5.03420424e+08 1.51650774e-05 1.92596667e-06
5.03431224e+08 1.53305168e-05 1.81939754e-06
5.03496024e+08 1.18285219e-05 1.45599040e-06
5.03506824e+08 1.38683753e-05 1.65758786e-06
5.03517624e+08 1.30776904e-05 1.47135506e-06
5.03528424e+08 9.75151499e-06 9.42714507e-07
5.03539224e+08 1.91452234e-05 1.02482034e-06
5.03550024e+08 1.29653712e-05 7.10497943e-07
5.03560824e+08 1.30775815e-05 6.38120639e-07
5.03571624e+08 1.77526272e-05 7.44228885e-07
5.03582424e+08 1.72237164e-05 7.50989727e-07
5.03593224e+08 1.08993542e-05 6.12168662e-07
5.04057624e+08 1.16467413e-05 1.34484992e-06
5.04068424e+08 1.21590677e-05 1.24749408e-06
5.04079224e+08 1.40663527e-05 1.42822171e-06
5.04090024e+08 1.39027641e-05 1.40439124e-06
5.04100824e+08 1.11232462e-05 1.22093491e-06
5.04111624e+08 1.54013271e-05 1.43618115e-06
5.04122424e+08 1.59331634e-05 2.32409070e-06
5.04133224e+08 1.62512999e-05 2.27563714e-06
5.04144024e+08 1.62835678e-05 1.61231344e-06
5.04154824e+08 1.23503919e-05 1.27384567e-06
5.04165624e+08 1.25053140e-05 1.25683130e-06
5.04176424e+08 1.17267384e-05 1.22929623e-06
5.04187224e+08 1.17571830e-05 1.39532085e-06
5.04198024e+08 1.57226718e-05 1.87921864e-06
5.04208824e+08 9.96571342e-06 3.00477564e-06
5.04219624e+08 9.74056809e-06 2.29587386e-06
5.04230424e+08 1.18132651e-05 1.53795611e-06
5.04241224e+08 1.49098800e-05 1.36107963e-06
5.04252024e+08 1.13717220e-05 1.18558398e-06
5.04273624e+08 1.12271519e-05 1.26315319e-06
5.04284424e+08 1.21097186e-05 1.74788727e-06
5.04295224e+08 1.20891259e-05 1.98744010e-06
5.04306024e+08 9.90271066e-06 1.77857930e-06
5.04316824e+08 1.27415317e-05 1.40706686e-06
5.04327624e+08 9.82650326e-06 1.13466695e-06
5.04338424e+08 9.79434594e-06 1.08826066e-06
5.04478824e+08 1.02813139e-05 1.71355236e-06
5.04522024e+08 1.01503695e-05 1.09454254e-06
5.04532824e+08 1.18381878e-05 1.18978255e-06
5.04543624e+08 1.43047441e-05 2.13242538e-06
5.04554424e+08 1.05923411e-05 1.87247906e-06
5.04565224e+08 1.59287711e-05 1.74840977e-06
5.04576024e+08 2.21134745e-05 1.88242393e-06
5.04586824e+08 2.57643738e-05 2.07615244e-06
5.04597624e+08 2.49818390e-05 1.94483368e-06
5.04608424e+08 2.13662172e-05 1.70520980e-06
5.04619224e+08 1.95688575e-05 1.52807104e-06
5.04630024e+08 2.08534555e-05 2.19814706e-06
5.04640824e+08 1.97502530e-05 3.16257160e-06
5.04651624e+08 2.60042476e-05 2.85433703e-06
5.04659216e+08 2.05195323e-05 1.80664404e-06
