# time_MET  flux  (bins > 3sigma, stats from reference interval)
5.03528424e+08 5.82358350e+06
5.03539224e+08 1.00372320e+07
5.03550024e+08 1.42870840e+07
5.03560824e+08 1.77957100e+07
5.03571624e+08 1.76530560e+07
5.03582424e+08 1.66463700e+07
5.03593224e+08 1.56313220e+07
5.03604024e+08 1.51915960e+07
5.03614824e+08 4.16059675e+06
5.03625624e+08 6.27308850e+06
5.03636424e+08 1.01952740e+07
5.03647224e+08 1.19465160e+07
5.03658024e+08 1.15677730e+07
5.03668824e+08 1.15728860e+07
5.03679624e+08 1.05806340e+07
5.03690424e+08 7.22072550e+06
5.03701224e+08 5.27044000e+06
5.03712024e+08 5.24542350e+06
5.03722824e+08 9.02451900e+06
5.03733624e+08 1.18004780e+07
5.03744424e+08 1.15050550e+07
5.03755224e+08 1.11065510e+07
5.03766024e+08 1.11462440e+07
5.03776824e+08 5.79911400e+06
5.03787624e+08 5.58892400e+06
5.03798424e+08 6.05119700e+06
5.03809224e+08 8.60706900e+06
5.03820024e+08 1.07398030e+07
5.03830824e+08 1.17118130e+07
5.03841624e+08 1.12358320e+07
5.03852424e+08 1.11950950e+07
5.03863224e+08 5.33189700e+06
5.03874024e+08 5.27841000e+06
5.03895624e+08 8.95289700e+06
5.03906424e+08 1.02601920e+07
5.03917224e+08 1.00735550e+07
5.03928024e+08 1.10955220e+07
5.03938824e+08 1.10365510e+07
5.03949624e+08 4.93334450e+06
5.03960424e+08 4.93140750e+06
5.03971224e+08 7.81065700e+06
5.03982024e+08 9.97503200e+06
5.03992824e+08 1.02835500e+07
5.04003624e+08 9.93180200e+06
5.04014424e+08 9.83795900e+06
5.04025224e+08 1.07694030e+07
5.04036024e+08 4.66036600e+06
5.04046824e+08 4.62555500e+06
5.04241224e+08 3.89489350e+06
5.04252024e+08 3.87491350e+06
5.04338424e+08 3.96393550e+06
5.04424824e+08 4.08679950e+06
5.04435624e+08 3.98819925e+06
5.04446424e+08 3.92113100e+06
5.04511224e+08 4.17291125e+06
5.04522024e+08 4.05672100e+06
5.04532824e+08 3.99453275e+06
5.04619224e+08 4.00930100e+06
